$ANSIBLE_VAULT;1.1;AES256
38313465366433613266313236363863393931333631613262636162666263376533343239333930
6665366132356337303739303432323865616630623334310a656438393735393563353634306332
30303436363866346564656336333331303334643065373736386665666465633834396334636566
3637323936363239340a623664356532626661633766663166303264353533663232646635383632
61353334326130373361323132393832613163306438393466313631313636623730666661363335
39313161633434373464616636343334363136303833383634343133313463663830373331616364
35323030343862323265653964316161393162616463343636656562396361663664306434616632
61636330353565653131333632326534393765313365633930316234646236346434646233313838
34323264316635336239353765636665316233363665386533663130653063343266333936616536
66373137373436356532623339336365303937323632646265623339643935643735303263316666
66346662333061623138323562303164363931356630316162323935646537663661396339353032
61656433653239313935653330623937303334356262333338303239363330313330636538663136
3564
